
</s> 0.008005 0.008839 -0.007661 -0.006556 0.002733 0.006042 0.001882 0.000423 -0.007207 0.004437 -0.008713 0.002499 -0.001503 -0.001914 -0.006631 -0.003764 0.005159 0.006051 0.005938 0.003195 0.003090 -0.007605 -0.008192 0.009939 0.007603 0.006180 -0.001208 0.008031 -0.000990 0.001469 -0.000298 -0.005966 0.002625 -0.002675 -0.007651 0.009508 0.008759 -0.002190 -0.000452 0.001018 -0.007275 -0.008014 0.009109 0.000126 -0.005165 -0.006084 -0.006153 0.003394 0.000403 0.002662
, 0.227918 -0.021967 -0.261573 0.081701 -0.060696 0.071133 0.078136 -0.016027 -0.034089 -0.056605 0.324323 -0.160248 -0.192713 0.224192 -0.347214 -0.294658 0.095251 -0.012498 -0.284875 0.012996 0.030563 -0.031129 -0.169565 -0.081073 0.057567 0.047963 -0.188692 0.130585 -0.043211 0.066787 0.286551 -0.042606 -0.312621 0.037407 -0.276527 -0.250274 0.113225 -0.165296 -0.004504 0.080754 -0.251976 0.193335 -0.240533 -0.195352 0.165400 0.509878 -0.083204 -0.000720 -0.305230 -0.546060
的 0.314333 -0.015442 -0.127406 0.152591 0.108315 0.004389 0.008589 -0.068618 -0.155732 -0.038399 0.294574 -0.071504 -0.161468 0.271691 -0.284073 -0.295013 0.090193 -0.005499 -0.241253 0.166790 0.056844 0.104642 -0.132954 -0.169454 0.128086 0.255558 -0.281147 0.042706 -0.129963 0.087279 0.205690 -0.065657 -0.288225 -0.028513 -0.252661 -0.204561 0.010047 -0.150308 -0.049622 0.100818 -0.276734 0.163286 -0.215492 -0.116818 0.362160 0.521420 -0.215493 0.065923 -0.255757 -0.501383
。 0.272841 -0.158101 -0.269471 0.218107 -0.041924 0.180897 0.117089 -0.131075 -0.093337 -0.325943 0.493562 -0.100357 -0.085332 0.298948 -0.360155 -0.165810 0.304742 0.013021 -0.237118 0.067078 -0.078167 -0.041049 -0.233660 -0.153122 0.002000 0.134138 -0.185948 -0.049631 -0.087912 0.070952 0.161517 -0.005896 -0.380197 0.129126 -0.371004 -0.136943 0.177082 -0.284372 -0.134882 0.190557 -0.195263 0.352696 -0.301846 -0.143737 0.114982 0.661547 -0.129818 -0.053381 -0.237430 -0.451222
、 0.244730 -0.239120 0.075075 0.418867 0.011289 -0.147241 0.208199 0.045424 0.120173 0.148749 0.211135 -0.074484 -0.395675 0.210768 -0.355263 -0.325482 0.312944 0.370611 -0.421211 0.090128 0.128595 -0.027836 -0.102279 -0.584713 -0.282363 0.151493 -0.018585 -0.533416 -0.433169 -0.176588 -0.042387 0.015232 -0.048407 -0.185499 -0.609523 -0.419662 0.068772 0.282725 -0.041346 0.424778 -0.592725 0.109673 -0.130219 -0.158745 -0.089323 0.519628 -0.190436 -0.071524 -0.071514 -0.588252
在 0.378127 -0.032494 -0.234334 0.099117 -0.009421 0.087949 0.028079 0.061484 -0.027722 -0.075452 0.226650 0.080738 -0.144594 0.321140 -0.342171 -0.493025 0.169605 0.043814 -0.443895 -0.116356 0.029875 0.061885 -0.250535 0.038794 0.149356 0.249700 -0.091230 0.125942 0.044999 -0.056723 0.332621 -0.212509 -0.308166 -0.017984 -0.251105 -0.230038 -0.100188 0.006507 -0.084789 -0.066394 -0.205498 0.101874 -0.336432 -0.391367 0.359542 0.521306 -0.019409 -0.068951 -0.405969 -0.476840
一 0.340519 0.095943 -0.026161 0.070577 -0.148899 0.334236 0.003343 -0.001366 -0.140853 -0.033424 0.450423 -0.102153 -0.120621 0.386804 -0.130729 -0.405794 0.189456 -0.040251 -0.467157 -0.159548 0.111005 0.048622 -0.298097 0.090856 0.085755 0.087045 -0.250278 0.026338 -0.033055 0.068247 0.193825 0.103807 -0.359294 0.238711 -0.510624 -0.400512 -0.113630 -0.096952 -0.087703 -0.014458 -0.180941 0.332781 -0.074920 -0.205957 0.338110 0.753790 -0.250219 0.037038 -0.252507 -0.199751
是 0.327456 0.150540 -0.047423 0.122479 -0.135196 0.165999 0.123606 -0.067873 -0.041838 0.068618 0.208916 -0.148299 -0.384687 0.353813 -0.123026 -0.461094 -0.079493 -0.216177 -0.186894 0.416718 0.019009 0.064673 -0.177230 -0.181134 0.142077 0.192536 -0.259911 0.059818 0.002552 0.007766 0.375974 0.053884 -0.265568 0.116970 -0.351085 -0.330524 0.033962 -0.035657 0.067500 0.176092 -0.273174 0.064436 -0.189036 -0.223448 0.436267 0.517995 -0.240432 -0.033379 -0.238740 -0.374703
-unknown- 0.069940 -0.098932 -0.172170 0.283078 -0.304548 0.313139 -0.000668 -0.140205 -0.181840 0.084596 0.372791 0.038989 -0.243783 0.197310 -0.295537 -0.250903 0.237119 0.125302 -0.605193 0.151445 0.217743 0.244482 -0.311849 -0.228482 0.107655 -0.123164 -0.056465 -0.107158 -0.099978 -0.117119 -0.093809 0.130082 -0.210286 0.105046 -0.493604 -0.500740 0.187914 0.002487 0.044111 0.144122 -0.381626 0.152143 -0.129330 -0.268630 0.182741 0.517381 0.013076 -0.070040 -0.221347 -0.305415
和 0.361899 -0.282024 -0.109978 0.416452 0.324629 -0.053969 0.118835 0.115771 0.041083 0.035536 0.199336 -0.069583 -0.203762 0.152760 -0.310742 -0.331759 0.153832 0.133491 -0.285320 0.168273 0.114341 0.215066 -0.196319 -0.308874 -0.047720 0.289394 -0.184537 -0.236947 -0.253813 0.057315 0.160179 -0.136691 -0.209512 -0.070687 -0.378097 -0.176585 -0.066080 0.085242 0.003599 0.139443 -0.371480 0.183053 -0.244520 -0.099782 0.389045 0.532945 -0.232950 0.031209 -0.193443 -0.584204
了 0.278915 0.004324 -0.157845 0.017780 0.330290 0.025061 -0.045754 0.234243 -0.239616 -0.120438 0.364545 -0.099915 -0.158734 0.157887 -0.212776 -0.266506 0.067400 -0.096722 -0.316859 0.059675 0.170350 -0.030646 -0.135526 -0.023268 0.126417 0.080302 -0.239961 0.151842 0.063139 0.115780 0.173743 -0.148659 -0.232054 0.155605 -0.570396 -0.348848 0.079327 -0.115460 0.212869 -0.014803 -0.188238 0.354142 -0.266384 -0.074694 0.316931 0.739254 -0.012096 0.157032 -0.090699 -0.173453
将 0.523222 -0.255562 -0.369925 0.223431 -0.350989 -0.015939 0.207130 0.013286 0.051775 -0.039825 0.374333 -0.121557 -0.196618 0.359472 -0.452755 -0.167092 0.425298 0.180219 -0.208128 -0.111180 -0.272691 0.079689 -0.256139 -0.057750 0.178300 0.094068 -0.141819 0.143483 -0.292717 -0.064866 0.347647 -0.264669 -0.226813 -0.050127 -0.122744 -0.185099 -0.205657 -0.236661 -0.020475 0.042974 -0.206868 0.193430 -0.458412 -0.430062 0.478845 0.464670 0.024877 0.019740 -0.314891 -0.546483
不 0.340136 0.013959 0.015259 0.300255 -0.373609 0.322266 0.300317 -0.009588 -0.292969 -0.042590 0.150321 -0.109166 -0.444733 0.270284 0.075520 -0.462625 0.050438 -0.284411 -0.050174 0.380423 -0.092954 -0.078027 -0.016207 0.094440 0.073456 -0.224508 -0.137094 0.179926 0.176711 -0.022415 0.346096 0.088262 -0.424260 0.146499 -0.258791 -0.151990 0.388216 -0.230076 0.282756 0.198102 -0.252816 0.209399 -0.372597 -0.287052 0.273909 0.477720 -0.142849 -0.009861 -0.208685 -0.608024
有 0.027155 -0.090002 -0.007452 0.017924 -0.193672 0.086904 0.287795 -0.248505 0.020012 -0.161520 0.383025 -0.211235 -0.218232 0.505847 -0.230939 -0.709527 0.086719 -0.211110 0.008925 0.080221 0.034604 0.056550 -0.047816 -0.074935 -0.026386 0.053554 -0.009508 0.031158 -0.010571 -0.004960 0.160908 -0.025328 -0.262305 0.187018 -0.322833 -0.388259 0.211800 -0.251020 -0.058941 0.229508 -0.454980 0.117076 -0.261968 -0.102721 0.209357 0.590466 -0.186401 0.221271 -0.240036 -0.510928
这 0.350536 0.241818 -0.129273 0.105914 0.009875 0.134666 -0.084888 -0.100195 -0.083619 0.194503 0.246614 -0.157337 -0.311298 0.390661 -0.160413 -0.453096 -0.086650 -0.139057 0.072527 0.080352 -0.007802 0.161071 -0.257459 0.203189 0.245997 0.205339 -0.246731 0.180252 -0.133503 0.115702 0.367115 -0.088205 -0.382947 0.261156 -0.334923 -0.344282 -0.121930 -0.252533 -0.085743 0.012387 -0.327314 0.326681 -0.201379 -0.176414 0.493310 0.660394 -0.099796 0.133271 -0.342444 -0.265439
( 0.217921 -0.191896 -0.999449 0.560056 -0.756881 0.353116 0.028063 -0.462043 -0.005860 -0.216920 -0.394341 0.117429 -0.445341 0.617254 -0.172930 -0.940069 -0.080552 0.081943 -1.084078 0.301869 0.106917 -0.164972 -0.433954 -0.274919 0.163070 -0.071292 -0.380145 -0.539978 -0.016349 -0.112023 -0.084481 0.179946 -0.374436 -0.273551 -0.021232 -0.313936 -0.260311 0.304448 -0.185499 0.627839 -0.330443 0.425579 -0.636816 -0.278798 -0.330976 1.590459 0.066781 0.322377 0.449044 -0.418088
与 0.412526 -0.216801 -0.197058 0.338347 0.048844 0.033022 0.058907 0.036868 0.073924 0.134758 0.003147 -0.026040 -0.230463 0.182639 -0.236460 -0.269575 0.173872 0.075538 -0.264046 0.267345 -0.043612 0.301661 -0.442236 -0.178989 -0.003140 0.321976 0.033019 -0.058323 -0.060521 -0.090294 0.331713 -0.189664 -0.340907 0.232946 -0.476593 -0.138228 -0.081615 -0.128100 -0.201118 0.193635 -0.481494 0.203098 -0.335786 -0.279212 0.404776 0.522195 -0.299260 -0.131284 -0.256022 -0.727477
个 0.353850 0.033341 -0.087185 -0.165786 0.062675 0.043504 0.141956 -0.152577 0.207742 -0.199423 0.310188 -0.218267 -0.091675 0.465237 -0.378930 -0.415415 0.297449 -0.181994 -0.375525 -0.012614 0.171324 0.185781 -0.097328 -0.151912 0.127512 -0.106734 -0.083654 0.159570 0.054118 -0.009334 0.396136 -0.120422 -0.251022 0.260455 -0.408751 -0.392046 -0.223974 -0.109710 -0.121281 0.092142 -0.121374 0.228145 0.298784 -0.186564 0.335324 0.776320 -0.194343 0.108651 -0.322930 -0.198287
说 0.534945 0.249165 -0.136487 0.361666 0.088505 0.335039 0.109934 -0.073619 -0.136039 0.234824 -0.141628 -0.219997 -0.388558 0.207561 -0.163906 -0.715092 -0.385744 -0.093533 -0.320781 0.259190 0.091100 0.120275 -0.235628 0.291579 0.178007 0.087684 -0.071901 0.314534 0.232974 0.111366 0.401596 -0.179585 -0.199601 0.028383 -0.180718 -0.450152 -0.005551 -0.091933 0.206741 0.048816 -0.323996 0.232355 -0.167621 -0.481650 0.550227 0.493474 -0.142992 0.104035 -0.146370 -0.564698
中 0.379296 -0.097483 -0.298077 0.271342 -0.010530 0.172963 -0.102463 0.015009 0.095141 -0.291461 0.476532 -0.148896 -0.358580 0.405706 -0.282906 -0.439484 0.126498 0.111946 -0.298573 -0.169819 0.171034 0.055318 -0.203600 0.037458 0.069223 0.182085 -0.035602 -0.083398 -0.125444 -0.167552 0.094923 -0.117958 -0.407845 0.151660 -0.475030 -0.461029 0.072286 -0.552783 -0.222653 0.063202 -0.354549 0.204962 -0.130330 -0.190501 0.117859 0.370773 -0.166081 0.068308 -0.041483 -0.431964
他 0.612570 0.211255 -0.144833 0.135708 -0.063283 0.447495 0.224777 0.058692 -0.164756 0.012973 0.119478 -0.062546 -0.244293 0.157801 -0.059814 -0.453616 -0.089262 -0.346408 -0.132890 0.378020 0.118208 0.122321 -0.209731 0.167026 0.352225 0.083372 -0.147818 0.246713 -0.035246 0.039917 0.470327 -0.206101 -0.085680 0.306509 -0.485335 -0.357606 0.165792 -0.311534 0.095774 0.041370 -0.089371 0.270892 -0.602539 -0.486612 0.417202 0.280141 -0.151394 0.022406 -0.239857 -0.633344
」 0.407752 0.209492 -0.309156 0.440366 -0.182953 -0.001226 -0.090040 -0.033908 -0.318266 0.303129 0.245559 -0.230309 -0.449288 0.337391 -0.041893 -0.320298 0.332642 0.123792 -0.201264 0.199925 -0.098199 -0.106294 -0.229211 0.029251 0.372508 0.236131 -0.582267 0.249811 0.029387 -0.109301 0.194027 0.085155 -0.465993 0.359675 -0.518124 -0.525005 -0.080797 0.035462 -0.036834 0.503873 -0.204211 0.143091 -0.202773 -0.394540 0.235498 0.525376 -0.286185 0.003447 -0.103978 -0.238624
「 0.489121 0.279511 -0.282362 0.469256 -0.098910 0.090746 -0.049310 -0.055714 -0.302280 0.313475 0.178898 -0.235300 -0.472902 0.292920 -0.039046 -0.415228 0.187039 0.058750 -0.249874 0.227885 -0.040432 -0.087184 -0.255590 0.112123 0.363922 0.239173 -0.536082 0.244420 0.047638 -0.070769 0.262678 0.001724 -0.427059 0.309775 -0.425195 -0.537249 -0.118677 0.050562 -0.025211 0.426651 -0.232582 0.127276 -0.171239 -0.480137 0.321617 0.528280 -0.294406 0.006839 -0.102548 -0.273133
为 0.197974 -0.126673 -0.348406 0.145805 -0.458124 0.043816 0.004210 -0.356566 0.009362 -0.175108 0.442919 -0.285988 -0.183174 0.217469 -0.433669 -0.263939 0.294938 0.259603 -0.399254 0.282956 -0.015372 -0.029053 -0.268138 -0.521010 0.035893 -0.011682 -0.221193 -0.039662 -0.160191 -0.163255 0.205559 0.026201 -0.066767 0.075338 -0.470458 -0.259859 0.107666 -0.266711 -0.127841 0.248499 -0.098710 0.034994 -0.115165 -0.186285 0.266911 0.491258 -0.299310 0.058121 -0.241636 -0.559815
对 0.220817 -0.025419 -0.108194 0.558777 0.024941 0.109899 -0.065472 -0.007659 0.007466 -0.057621 0.049662 -0.132341 -0.264737 0.152291 -0.283586 -0.422390 -0.207776 0.035871 -0.116154 0.220974 -0.132901 -0.116966 -0.186746 0.078568 0.150905 0.203479 -0.146049 0.057366 -0.158864 -0.018307 0.402788 -0.108692 -0.538533 0.207272 -0.337728 0.067278 -0.001016 -0.344368 0.062735 0.098605 -0.258323 0.142942 -0.496251 -0.283028 0.437029 0.335493 -0.240971 0.121683 -0.386117 -0.737555
) 0.097398 -0.184075 -1.018716 0.561838 -0.769992 0.357369 0.101348 -0.396728 -0.069718 -0.137518 -0.416405 0.090386 -0.514208 0.710305 -0.178198 -1.004736 0.015474 0.039277 -0.946695 0.132465 0.143483 -0.283517 -0.405244 -0.421777 0.027877 -0.117909 -0.365482 -0.554516 -0.024511 -0.094348 0.028413 0.196682 -0.474341 -0.242380 -0.045919 -0.317188 -0.218378 0.296761 -0.224866 0.582428 -0.329929 0.367778 -0.598042 -0.252995 -0.366788 1.700628 0.159768 0.344425 0.567239 -0.397307
也 0.282161 -0.035417 -0.061965 0.120080 -0.188226 0.154915 0.211184 -0.100983 -0.164819 0.056086 0.297074 -0.190283 -0.317800 0.195418 -0.267589 -0.255083 0.191636 -0.069774 -0.086531 0.233580 -0.049136 0.112741 -0.253113 -0.014312 0.046439 0.083575 -0.038628 0.110397 -0.031790 -0.016291 0.285928 -0.140807 -0.257852 0.215767 -0.390165 -0.193650 0.223518 -0.331382 0.056125 0.189200 -0.380535 0.165247 -0.486770 -0.393980 0.298975 0.364172 -0.093206 0.073198 -0.471305 -0.646065
电 0.037432 -0.627737 -1.365650 1.600051 -1.723582 0.328291 -0.165917 -0.971075 -0.560128 -0.440603 -1.490484 0.512425 0.018617 1.091022 0.274205 -1.530626 -0.828682 0.894205 -1.974707 1.068501 -0.325734 0.081955 0.521498 -0.991046 0.875100 0.004691 0.507123 -0.901937 -1.205171 -1.038887 0.513589 -0.576465 0.587028 -0.569353 0.616854 -0.495695 -0.136398 0.420048 1.495979 1.182156 -0.484660 0.974498 -0.991622 -0.093937 -0.151708 2.230458 -0.192523 1.006639 -0.073292 -0.576643
中国 0.451697 -0.242886 -0.262636 0.188944 0.018249 -0.076869 -0.256131 0.231452 0.146388 0.257088 -0.103044 -0.356211 -0.326923 0.055466 -0.643856 -0.537182 -0.091502 -0.259114 -0.005499 0.087779 -0.063292 -0.244018 -0.130123 -0.145545 0.430698 0.430511 -0.302934 0.288673 -0.025071 -0.055082 0.162995 0.187594 -0.577868 -0.302969 -0.451103 -0.209655 0.023008 0.113147 0.263163 0.239828 -0.052018 -0.224958 -0.304611 -0.128337 0.351631 0.535850 -0.230617 0.088617 -0.171322 -0.601464
记者 0.344224 -0.076145 -0.988508 1.090956 -0.503372 0.024065 0.354971 -0.624777 -0.524144 -0.302605 -1.200655 0.450614 0.024969 0.575663 0.391732 -1.546275 -0.548433 -0.139994 -0.787002 0.313937 -0.209102 -0.070760 0.193390 0.161052 0.137617 0.252558 -0.000460 -0.227301 -0.092986 -0.042248 0.528441 -0.005232 0.111273 0.152613 -0.210307 -0.562216 0.072227 -0.144945 0.136565 0.382415 -0.548379 0.384397 -1.048480 -0.189141 -0.205653 1.916375 0.002828 0.266740 -0.100723 -0.474586
” 0.430681 0.833223 -0.239053 0.564121 0.253809 -0.333233 -0.592515 0.066322 -0.116800 -0.103557 0.350463 -0.062608 -0.254162 0.441116 0.232897 -0.155776 0.430709 0.160168 -0.383563 -0.031301 0.094060 -0.057674 0.207917 -0.245924 0.817824 0.226946 -0.041225 0.044033 -0.187782 0.379683 -0.073846 0.296627 -0.347825 -0.595623 -0.479834 -0.116764 0.480451 -0.005997 0.254214 0.392486 0.061428 0.322041 0.184467 0.287697 0.192642 -0.071716 -0.250796 -0.213908 -0.110836 0.026679
“ 0.462770 0.943373 -0.263552 0.613500 0.334078 -0.259569 -0.570842 0.073490 -0.086140 -0.087747 0.284278 -0.070543 -0.192225 0.370370 0.220796 -0.301921 0.348647 0.090698 -0.349255 -0.019593 0.152455 -0.036100 0.237119 -0.190373 0.762477 0.172965 -0.096335 0.098828 -0.107057 0.396159 0.009901 0.244388 -0.347265 -0.634767 -0.436729 -0.119895 0.482488 -0.034621 0.271475 0.345280 0.006820 0.272392 0.206125 0.224094 0.196423 -0.052524 -0.231087 -0.225079 -0.094963 0.030808
以 0.241881 -0.397453 -0.190246 0.320956 -0.325336 0.420148 -0.045847 -0.202869 -0.015116 -0.104729 0.313692 0.017943 -0.237606 0.073771 -0.169490 -0.081240 0.426619 0.219571 -0.520802 0.128966 0.047918 0.129151 -0.288534 -0.257431 -0.100861 -0.040061 -0.490748 -0.053743 -0.321013 0.012038 0.032960 0.002672 -0.351518 0.431764 -0.541154 -0.124853 0.068175 -0.039213 -0.133954 0.116033 -0.142090 0.072458 -0.363574 -0.105549 0.404317 0.586808 -0.109655 -0.270234 -0.419083 -0.534227
今天 0.355843 0.102234 -0.469440 0.160263 -0.135852 0.340963 0.214637 0.043403 -0.002275 0.253166 0.128384 -0.034116 -0.392530 0.092963 -0.609393 -0.664588 -0.056218 0.427314 -0.532340 -0.271433 -0.204998 -0.034466 -0.501487 0.264395 0.017696 0.114779 -0.050344 0.037591 -0.038130 -0.241001 -0.004371 0.103337 -0.429764 0.064783 -0.293091 -0.404938 -0.188955 -0.169577 -0.073349 -0.028268 -0.325278 0.164407 -0.441971 -0.475120 0.340408 0.502502 0.081917 -0.227165 -0.661753 -0.843741
两 0.368460 -0.281796 -0.263969 0.071277 -0.035621 0.305936 -0.011203 0.221877 0.305200 0.174752 0.330674 -0.061193 -0.122538 0.412406 0.044288 -0.526744 0.281147 -0.082635 -0.103343 -0.168057 -0.185413 0.072104 -0.303709 -0.294578 0.107858 0.125405 0.097465 0.147428 0.181934 -0.209865 0.136787 -0.075836 -0.655733 0.386800 -0.842386 -0.280017 -0.098492 -0.207828 -0.206267 0.108404 -0.145123 0.347604 -0.110214 -0.136343 0.450407 0.587139 -0.360648 0.030479 -0.204260 -0.398965
上 0.201909 -0.111979 -0.261796 0.214394 -0.082120 0.139634 -0.048320 0.043762 -0.255863 0.038034 0.356878 -0.116290 -0.221295 0.337137 -0.250239 -0.278649 0.161543 -0.146311 -0.533671 0.052450 0.056040 0.054494 -0.135879 -0.211447 -0.135789 0.122632 -0.120285 0.051583 0.072850 0.029680 0.353673 -0.035334 -0.567965 0.035504 -0.370884 -0.501282 0.027671 -0.175739 -0.045265 0.079668 -0.138258 0.264785 -0.077049 -0.190468 0.285833 0.544427 -0.120126 -0.097951 -0.325923 -0.137924
表示 0.303901 0.088188 -0.312586 0.320086 -0.190930 0.239220 0.142369 -0.115881 0.038086 0.206955 -0.141014 -0.215664 -0.357902 0.112769 -0.423933 -0.611672 -0.286538 0.093742 -0.179295 0.228839 -0.050416 0.221509 -0.234367 0.242233 0.112995 0.063182 0.122638 0.315353 0.158372 -0.139342 0.390293 -0.155225 -0.184150 0.074800 -0.264230 -0.318680 0.019111 -0.278691 0.106805 0.114324 -0.419585 0.217680 -0.312160 -0.520355 0.391576 0.294893 -0.078691 -0.042103 -0.458411 -0.908743
并 0.400459 -0.251222 -0.311491 0.408088 -0.294621 0.190795 -0.036453 -0.182103 -0.116257 0.099798 0.473126 -0.045427 -0.089087 0.152285 -0.250440 -0.357691 0.319488 0.135369 -0.062649 0.037513 -0.024805 0.134165 -0.228312 0.208489 0.081431 0.118194 -0.124624 0.222643 -0.300600 -0.091857 0.320882 -0.147200 -0.231162 0.200012 -0.405384 -0.195577 0.250666 -0.287932 -0.195956 0.087028 -0.177962 0.370062 -0.454283 -0.380575 0.202725 0.373543 -0.264222 -0.084230 -0.444697 -0.682837
中央社 0.805398 -0.109999 -1.366091 1.795741 -1.117762 -0.223150 -0.085603 -1.751693 -0.782929 -0.014333 -1.396924 0.798207 -0.059635 1.203846 1.215974 -2.313757 -0.688513 0.609387 -1.507058 0.486653 0.141457 0.051883 0.152914 -0.543623 0.007669 -0.041373 0.509850 -0.499179 -1.028723 -0.160592 0.486190 -0.126033 0.047723 0.025965 -0.805199 -0.184409 0.211161 0.058877 0.162907 0.389729 -0.908968 0.662776 -1.164289 -0.291726 -0.472819 2.885883 0.266434 0.712784 -0.762549 -0.141300
人 0.030091 -0.190469 -0.096198 -0.110044 -0.180453 0.254054 0.386404 -0.089235 -0.091694 -0.359545 0.359398 0.183316 -0.385618 0.322575 -0.369950 -0.788897 0.048609 -0.209518 0.073042 0.230674 0.084180 0.027778 -0.041060 0.007337 0.083291 0.218382 -0.025708 -0.077579 0.339731 0.164914 0.008306 0.206882 -0.095947 0.480580 -0.521300 -0.682872 0.283219 -0.276637 -0.305495 0.234248 -0.314682 0.354765 -0.195436 -0.159415 0.235070 0.721786 -0.088760 0.567445 -0.255323 -0.456067

</s> 0.008005 0.008839 -0.007661 -0.006556 0.002733 0.006042 0.001882 0.000423 -0.007207 0.004437 -0.008713 0.002499 -0.001503 -0.001914 -0.006631 -0.003764 0.005159 0.006051 0.005938 0.003195 0.003090 -0.007605 -0.008192 0.009939 0.007603 0.006180 -0.001208 0.008031 -0.000990 0.001469 -0.000298 -0.005966 0.002625 -0.002675 -0.007651 0.009508 0.008759 -0.002190 -0.000452 0.001018 -0.007275 -0.008014 0.009109 0.000126 -0.005165 -0.006084 -0.006153 0.003394 0.000403 0.002662
, 0.227918 -0.021967 -0.261573 0.081701 -0.060696 0.071133 0.078136 -0.016027 -0.034089 -0.056605 0.324323 -0.160248 -0.192713 0.224192 -0.347214 -0.294658 0.095251 -0.012498 -0.284875 0.012996 0.030563 -0.031129 -0.169565 -0.081073 0.057567 0.047963 -0.188692 0.130585 -0.043211 0.066787 0.286551 -0.042606 -0.312621 0.037407 -0.276527 -0.250274 0.113225 -0.165296 -0.004504 0.080754 -0.251976 0.193335 -0.240533 -0.195352 0.165400 0.509878 -0.083204 -0.000720 -0.305230 -0.546060
的 0.314333 -0.015442 -0.127406 0.152591 0.108315 0.004389 0.008589 -0.068618 -0.155732 -0.038399 0.294574 -0.071504 -0.161468 0.271691 -0.284073 -0.295013 0.090193 -0.005499 -0.241253 0.166790 0.056844 0.104642 -0.132954 -0.169454 0.128086 0.255558 -0.281147 0.042706 -0.129963 0.087279 0.205690 -0.065657 -0.288225 -0.028513 -0.252661 -0.204561 0.010047 -0.150308 -0.049622 0.100818 -0.276734 0.163286 -0.215492 -0.116818 0.362160 0.521420 -0.215493 0.065923 -0.255757 -0.501383
。 0.272841 -0.158101 -0.269471 0.218107 -0.041924 0.180897 0.117089 -0.131075 -0.093337 -0.325943 0.493562 -0.100357 -0.085332 0.298948 -0.360155 -0.165810 0.304742 0.013021 -0.237118 0.067078 -0.078167 -0.041049 -0.233660 -0.153122 0.002000 0.134138 -0.185948 -0.049631 -0.087912 0.070952 0.161517 -0.005896 -0.380197 0.129126 -0.371004 -0.136943 0.177082 -0.284372 -0.134882 0.190557 -0.195263 0.352696 -0.301846 -0.143737 0.114982 0.661547 -0.129818 -0.053381 -0.237430 -0.451222
、 0.244730 -0.239120 0.075075 0.418867 0.011289 -0.147241 0.208199 0.045424 0.120173 0.148749 0.211135 -0.074484 -0.395675 0.210768 -0.355263 -0.325482 0.312944 0.370611 -0.421211 0.090128 0.128595 -0.027836 -0.102279 -0.584713 -0.282363 0.151493 -0.018585 -0.533416 -0.433169 -0.176588 -0.042387 0.015232 -0.048407 -0.185499 -0.609523 -0.419662 0.068772 0.282725 -0.041346 0.424778 -0.592725 0.109673 -0.130219 -0.158745 -0.089323 0.519628 -0.190436 -0.071524 -0.071514 -0.588252
在 0.378127 -0.032494 -0.234334 0.099117 -0.009421 0.087949 0.028079 0.061484 -0.027722 -0.075452 0.226650 0.080738 -0.144594 0.321140 -0.342171 -0.493025 0.169605 0.043814 -0.443895 -0.116356 0.029875 0.061885 -0.250535 0.038794 0.149356 0.249700 -0.091230 0.125942 0.044999 -0.056723 0.332621 -0.212509 -0.308166 -0.017984 -0.251105 -0.230038 -0.100188 0.006507 -0.084789 -0.066394 -0.205498 0.101874 -0.336432 -0.391367 0.359542 0.521306 -0.019409 -0.068951 -0.405969 -0.476840
一 0.340519 0.095943 -0.026161 0.070577 -0.148899 0.334236 0.003343 -0.001366 -0.140853 -0.033424 0.450423 -0.102153 -0.120621 0.386804 -0.130729 -0.405794 0.189456 -0.040251 -0.467157 -0.159548 0.111005 0.048622 -0.298097 0.090856 0.085755 0.087045 -0.250278 0.026338 -0.033055 0.068247 0.193825 0.103807 -0.359294 0.238711 -0.510624 -0.400512 -0.113630 -0.096952 -0.087703 -0.014458 -0.180941 0.332781 -0.074920 -0.205957 0.338110 0.753790 -0.250219 0.037038 -0.252507 -0.199751
是 0.327456 0.150540 -0.047423 0.122479 -0.135196 0.165999 0.123606 -0.067873 -0.041838 0.068618 0.208916 -0.148299 -0.384687 0.353813 -0.123026 -0.461094 -0.079493 -0.216177 -0.186894 0.416718 0.019009 0.064673 -0.177230 -0.181134 0.142077 0.192536 -0.259911 0.059818 0.002552 0.007766 0.375974 0.053884 -0.265568 0.116970 -0.351085 -0.330524 0.033962 -0.035657 0.067500 0.176092 -0.273174 0.064436 -0.189036 -0.223448 0.436267 0.517995 -0.240432 -0.033379 -0.238740 -0.374703
-unknown- 0.069940 -0.098932 -0.172170 0.283078 -0.304548 0.313139 -0.000668 -0.140205 -0.181840 0.084596 0.372791 0.038989 -0.243783 0.197310 -0.295537 -0.250903 0.237119 0.125302 -0.605193 0.151445 0.217743 0.244482 -0.311849 -0.228482 0.107655 -0.123164 -0.056465 -0.107158 -0.099978 -0.117119 -0.093809 0.130082 -0.210286 0.105046 -0.493604 -0.500740 0.187914 0.002487 0.044111 0.144122 -0.381626 0.152143 -0.129330 -0.268630 0.182741 0.517381 0.013076 -0.070040 -0.221347 -0.305415
和 0.361899 -0.282024 -0.109978 0.416452 0.324629 -0.053969 0.118835 0.115771 0.041083 0.035536 0.199336 -0.069583 -0.203762 0.152760 -0.310742 -0.331759 0.153832 0.133491 -0.285320 0.168273 0.114341 0.215066 -0.196319 -0.308874 -0.047720 0.289394 -0.184537 -0.236947 -0.253813 0.057315 0.160179 -0.136691 -0.209512 -0.070687 -0.378097 -0.176585 -0.066080 0.085242 0.003599 0.139443 -0.371480 0.183053 -0.244520 -0.099782 0.389045 0.532945 -0.232950 0.031209 -0.193443 -0.584204
了 0.278915 0.004324 -0.157845 0.017780 0.330290 0.025061 -0.045754 0.234243 -0.239616 -0.120438 0.364545 -0.099915 -0.158734 0.157887 -0.212776 -0.266506 0.067400 -0.096722 -0.316859 0.059675 0.170350 -0.030646 -0.135526 -0.023268 0.126417 0.080302 -0.239961 0.151842 0.063139 0.115780 0.173743 -0.148659 -0.232054 0.155605 -0.570396 -0.348848 0.079327 -0.115460 0.212869 -0.014803 -0.188238 0.354142 -0.266384 -0.074694 0.316931 0.739254 -0.012096 0.157032 -0.090699 -0.173453
将 0.523222 -0.255562 -0.369925 0.223431 -0.350989 -0.015939 0.207130 0.013286 0.051775 -0.039825 0.374333 -0.121557 -0.196618 0.359472 -0.452755 -0.167092 0.425298 0.180219 -0.208128 -0.111180 -0.272691 0.079689 -0.256139 -0.057750 0.178300 0.094068 -0.141819 0.143483 -0.292717 -0.064866 0.347647 -0.264669 -0.226813 -0.050127 -0.122744 -0.185099 -0.205657 -0.236661 -0.020475 0.042974 -0.206868 0.193430 -0.458412 -0.430062 0.478845 0.464670 0.024877 0.019740 -0.314891 -0.546483
不 0.340136 0.013959 0.015259 0.300255 -0.373609 0.322266 0.300317 -0.009588 -0.292969 -0.042590 0.150321 -0.109166 -0.444733 0.270284 0.075520 -0.462625 0.050438 -0.284411 -0.050174 0.380423 -0.092954 -0.078027 -0.016207 0.094440 0.073456 -0.224508 -0.137094 0.179926 0.176711 -0.022415 0.346096 0.088262 -0.424260 0.146499 -0.258791 -0.151990 0.388216 -0.230076 0.282756 0.198102 -0.252816 0.209399 -0.372597 -0.287052 0.273909 0.477720 -0.142849 -0.009861 -0.208685 -0.608024
有 0.027155 -0.090002 -0.007452 0.017924 -0.193672 0.086904 0.287795 -0.248505 0.020012 -0.161520 0.383025 -0.211235 -0.218232 0.505847 -0.230939 -0.709527 0.086719 -0.211110 0.008925 0.080221 0.034604 0.056550 -0.047816 -0.074935 -0.026386 0.053554 -0.009508 0.031158 -0.010571 -0.004960 0.160908 -0.025328 -0.262305 0.187018 -0.322833 -0.388259 0.211800 -0.251020 -0.058941 0.229508 -0.454980 0.117076 -0.261968 -0.102721 0.209357 0.590466 -0.186401 0.221271 -0.240036 -0.510928
这 0.350536 0.241818 -0.129273 0.105914 0.009875 0.134666 -0.084888 -0.100195 -0.083619 0.194503 0.246614 -0.157337 -0.311298 0.390661 -0.160413 -0.453096 -0.086650 -0.139057 0.072527 0.080352 -0.007802 0.161071 -0.257459 0.203189 0.245997 0.205339 -0.246731 0.180252 -0.133503 0.115702 0.367115 -0.088205 -0.382947 0.261156 -0.334923 -0.344282 -0.121930 -0.252533 -0.085743 0.012387 -0.327314 0.326681 -0.201379 -0.176414 0.493310 0.660394 -0.099796 0.133271 -0.342444 -0.265439
( 0.217921 -0.191896 -0.999449 0.560056 -0.756881 0.353116 0.028063 -0.462043 -0.005860 -0.216920 -0.394341 0.117429 -0.445341 0.617254 -0.172930 -0.940069 -0.080552 0.081943 -1.084078 0.301869 0.106917 -0.164972 -0.433954 -0.274919 0.163070 -0.071292 -0.380145 -0.539978 -0.016349 -0.112023 -0.084481 0.179946 -0.374436 -0.273551 -0.021232 -0.313936 -0.260311 0.304448 -0.185499 0.627839 -0.330443 0.425579 -0.636816 -0.278798 -0.330976 1.590459 0.066781 0.322377 0.449044 -0.418088
与 0.412526 -0.216801 -0.197058 0.338347 0.048844 0.033022 0.058907 0.036868 0.073924 0.134758 0.003147 -0.026040 -0.230463 0.182639 -0.236460 -0.269575 0.173872 0.075538 -0.264046 0.267345 -0.043612 0.301661 -0.442236 -0.178989 -0.003140 0.321976 0.033019 -0.058323 -0.060521 -0.090294 0.331713 -0.189664 -0.340907 0.232946 -0.476593 -0.138228 -0.081615 -0.128100 -0.201118 0.193635 -0.481494 0.203098 -0.335786 -0.279212 0.404776 0.522195 -0.299260 -0.131284 -0.256022 -0.727477
个 0.353850 0.033341 -0.087185 -0.165786 0.062675 0.043504 0.141956 -0.152577 0.207742 -0.199423 0.310188 -0.218267 -0.091675 0.465237 -0.378930 -0.415415 0.297449 -0.181994 -0.375525 -0.012614 0.171324 0.185781 -0.097328 -0.151912 0.127512 -0.106734 -0.083654 0.159570 0.054118 -0.009334 0.396136 -0.120422 -0.251022 0.260455 -0.408751 -0.392046 -0.223974 -0.109710 -0.121281 0.092142 -0.121374 0.228145 0.298784 -0.186564 0.335324 0.776320 -0.194343 0.108651 -0.322930 -0.198287
说 0.534945 0.249165 -0.136487 0.361666 0.088505 0.335039 0.109934 -0.073619 -0.136039 0.234824 -0.141628 -0.219997 -0.388558 0.207561 -0.163906 -0.715092 -0.385744 -0.093533 -0.320781 0.259190 0.091100 0.120275 -0.235628 0.291579 0.178007 0.087684 -0.071901 0.314534 0.232974 0.111366 0.401596 -0.179585 -0.199601 0.028383 -0.180718 -0.450152 -0.005551 -0.091933 0.206741 0.048816 -0.323996 0.232355 -0.167621 -0.481650 0.550227 0.493474 -0.142992 0.104035 -0.146370 -0.564698
中 0.379296 -0.097483 -0.298077 0.271342 -0.010530 0.172963 -0.102463 0.015009 0.095141 -0.291461 0.476532 -0.148896 -0.358580 0.405706 -0.282906 -0.439484 0.126498 0.111946 -0.298573 -0.169819 0.171034 0.055318 -0.203600 0.037458 0.069223 0.182085 -0.035602 -0.083398 -0.125444 -0.167552 0.094923 -0.117958 -0.407845 0.151660 -0.475030 -0.461029 0.072286 -0.552783 -0.222653 0.063202 -0.354549 0.204962 -0.130330 -0.190501 0.117859 0.370773 -0.166081 0.068308 -0.041483 -0.431964
他 0.612570 0.211255 -0.144833 0.135708 -0.063283 0.447495 0.224777 0.058692 -0.164756 0.012973 0.119478 -0.062546 -0.244293 0.157801 -0.059814 -0.453616 -0.089262 -0.346408 -0.132890 0.378020 0.118208 0.122321 -0.209731 0.167026 0.352225 0.083372 -0.147818 0.246713 -0.035246 0.039917 0.470327 -0.206101 -0.085680 0.306509 -0.485335 -0.357606 0.165792 -0.311534 0.095774 0.041370 -0.089371 0.270892 -0.602539 -0.486612 0.417202 0.280141 -0.151394 0.022406 -0.239857 -0.633344
」 0.407752 0.209492 -0.309156 0.440366 -0.182953 -0.001226 -0.090040 -0.033908 -0.318266 0.303129 0.245559 -0.230309 -0.449288 0.337391 -0.041893 -0.320298 0.332642 0.123792 -0.201264 0.199925 -0.098199 -0.106294 -0.229211 0.029251 0.372508 0.236131 -0.582267 0.249811 0.029387 -0.109301 0.194027 0.085155 -0.465993 0.359675 -0.518124 -0.525005 -0.080797 0.035462 -0.036834 0.503873 -0.204211 0.143091 -0.202773 -0.394540 0.235498 0.525376 -0.286185 0.003447 -0.103978 -0.238624
「 0.489121 0.279511 -0.282362 0.469256 -0.098910 0.090746 -0.049310 -0.055714 -0.302280 0.313475 0.178898 -0.235300 -0.472902 0.292920 -0.039046 -0.415228 0.187039 0.058750 -0.249874 0.227885 -0.040432 -0.087184 -0.255590 0.112123 0.363922 0.239173 -0.536082 0.244420 0.047638 -0.070769 0.262678 0.001724 -0.427059 0.309775 -0.425195 -0.537249 -0.118677 0.050562 -0.025211 0.426651 -0.232582 0.127276 -0.171239 -0.480137 0.321617 0.528280 -0.294406 0.006839 -0.102548 -0.273133
为 0.197974 -0.126673 -0.348406 0.145805 -0.458124 0.043816 0.004210 -0.356566 0.009362 -0.175108 0.442919 -0.285988 -0.183174 0.217469 -0.433669 -0.263939 0.294938 0.259603 -0.399254 0.282956 -0.015372 -0.029053 -0.268138 -0.521010 0.035893 -0.011682 -0.221193 -0.039662 -0.160191 -0.163255 0.205559 0.026201 -0.066767 0.075338 -0.470458 -0.259859 0.107666 -0.266711 -0.127841 0.248499 -0.098710 0.034994 -0.115165 -0.186285 0.266911 0.491258 -0.299310 0.058121 -0.241636 -0.559815
对 0.220817 -0.025419 -0.108194 0.558777 0.024941 0.109899 -0.065472 -0.007659 0.007466 -0.057621 0.049662 -0.132341 -0.264737 0.152291 -0.283586 -0.422390 -0.207776 0.035871 -0.116154 0.220974 -0.132901 -0.116966 -0.186746 0.078568 0.150905 0.203479 -0.146049 0.057366 -0.158864 -0.018307 0.402788 -0.108692 -0.538533 0.207272 -0.337728 0.067278 -0.001016 -0.344368 0.062735 0.098605 -0.258323 0.142942 -0.496251 -0.283028 0.437029 0.335493 -0.240971 0.121683 -0.386117 -0.737555
) 0.097398 -0.184075 -1.018716 0.561838 -0.769992 0.357369 0.101348 -0.396728 -0.069718 -0.137518 -0.416405 0.090386 -0.514208 0.710305 -0.178198 -1.004736 0.015474 0.039277 -0.946695 0.132465 0.143483 -0.283517 -0.405244 -0.421777 0.027877 -0.117909 -0.365482 -0.554516 -0.024511 -0.094348 0.028413 0.196682 -0.474341 -0.242380 -0.045919 -0.317188 -0.218378 0.296761 -0.224866 0.582428 -0.329929 0.367778 -0.598042 -0.252995 -0.366788 1.700628 0.159768 0.344425 0.567239 -0.397307
也 0.282161 -0.035417 -0.061965 0.120080 -0.188226 0.154915 0.211184 -0.100983 -0.164819 0.056086 0.297074 -0.190283 -0.317800 0.195418 -0.267589 -0.255083 0.191636 -0.069774 -0.086531 0.233580 -0.049136 0.112741 -0.253113 -0.014312 0.046439 0.083575 -0.038628 0.110397 -0.031790 -0.016291 0.285928 -0.140807 -0.257852 0.215767 -0.390165 -0.193650 0.223518 -0.331382 0.056125 0.189200 -0.380535 0.165247 -0.486770 -0.393980 0.298975 0.364172 -0.093206 0.073198 -0.471305 -0.646065
电 0.037432 -0.627737 -1.365650 1.600051 -1.723582 0.328291 -0.165917 -0.971075 -0.560128 -0.440603 -1.490484 0.512425 0.018617 1.091022 0.274205 -1.530626 -0.828682 0.894205 -1.974707 1.068501 -0.325734 0.081955 0.521498 -0.991046 0.875100 0.004691 0.507123 -0.901937 -1.205171 -1.038887 0.513589 -0.576465 0.587028 -0.569353 0.616854 -0.495695 -0.136398 0.420048 1.495979 1.182156 -0.484660 0.974498 -0.991622 -0.093937 -0.151708 2.230458 -0.192523 1.006639 -0.073292 -0.576643
中国 0.451697 -0.242886 -0.262636 0.188944 0.018249 -0.076869 -0.256131 0.231452 0.146388 0.257088 -0.103044 -0.356211 -0.326923 0.055466 -0.643856 -0.537182 -0.091502 -0.259114 -0.005499 0.087779 -0.063292 -0.244018 -0.130123 -0.145545 0.430698 0.430511 -0.302934 0.288673 -0.025071 -0.055082 0.162995 0.187594 -0.577868 -0.302969 -0.451103 -0.209655 0.023008 0.113147 0.263163 0.239828 -0.052018 -0.224958 -0.304611 -0.128337 0.351631 0.535850 -0.230617 0.088617 -0.171322 -0.601464
记者 0.344224 -0.076145 -0.988508 1.090956 -0.503372 0.024065 0.354971 -0.624777 -0.524144 -0.302605 -1.200655 0.450614 0.024969 0.575663 0.391732 -1.546275 -0.548433 -0.139994 -0.787002 0.313937 -0.209102 -0.070760 0.193390 0.161052 0.137617 0.252558 -0.000460 -0.227301 -0.092986 -0.042248 0.528441 -0.005232 0.111273 0.152613 -0.210307 -0.562216 0.072227 -0.144945 0.136565 0.382415 -0.548379 0.384397 -1.048480 -0.189141 -0.205653 1.916375 0.002828 0.266740 -0.100723 -0.474586
” 0.430681 0.833223 -0.239053 0.564121 0.253809 -0.333233 -0.592515 0.066322 -0.116800 -0.103557 0.350463 -0.062608 -0.254162 0.441116 0.232897 -0.155776 0.430709 0.160168 -0.383563 -0.031301 0.094060 -0.057674 0.207917 -0.245924 0.817824 0.226946 -0.041225 0.044033 -0.187782 0.379683 -0.073846 0.296627 -0.347825 -0.595623 -0.479834 -0.116764 0.480451 -0.005997 0.254214 0.392486 0.061428 0.322041 0.184467 0.287697 0.192642 -0.071716 -0.250796 -0.213908 -0.110836 0.026679
“ 0.462770 0.943373 -0.263552 0.613500 0.334078 -0.259569 -0.570842 0.073490 -0.086140 -0.087747 0.284278 -0.070543 -0.192225 0.370370 0.220796 -0.301921 0.348647 0.090698 -0.349255 -0.019593 0.152455 -0.036100 0.237119 -0.190373 0.762477 0.172965 -0.096335 0.098828 -0.107057 0.396159 0.009901 0.244388 -0.347265 -0.634767 -0.436729 -0.119895 0.482488 -0.034621 0.271475 0.345280 0.006820 0.272392 0.206125 0.224094 0.196423 -0.052524 -0.231087 -0.225079 -0.094963 0.030808
以 0.241881 -0.397453 -0.190246 0.320956 -0.325336 0.420148 -0.045847 -0.202869 -0.015116 -0.104729 0.313692 0.017943 -0.237606 0.073771 -0.169490 -0.081240 0.426619 0.219571 -0.520802 0.128966 0.047918 0.129151 -0.288534 -0.257431 -0.100861 -0.040061 -0.490748 -0.053743 -0.321013 0.012038 0.032960 0.002672 -0.351518 0.431764 -0.541154 -0.124853 0.068175 -0.039213 -0.133954 0.116033 -0.142090 0.072458 -0.363574 -0.105549 0.404317 0.586808 -0.109655 -0.270234 -0.419083 -0.534227
今天 0.355843 0.102234 -0.469440 0.160263 -0.135852 0.340963 0.214637 0.043403 -0.002275 0.253166 0.128384 -0.034116 -0.392530 0.092963 -0.609393 -0.664588 -0.056218 0.427314 -0.532340 -0.271433 -0.204998 -0.034466 -0.501487 0.264395 0.017696 0.114779 -0.050344 0.037591 -0.038130 -0.241001 -0.004371 0.103337 -0.429764 0.064783 -0.293091 -0.404938 -0.188955 -0.169577 -0.073349 -0.028268 -0.325278 0.164407 -0.441971 -0.475120 0.340408 0.502502 0.081917 -0.227165 -0.661753 -0.843741
两 0.368460 -0.281796 -0.263969 0.071277 -0.035621 0.305936 -0.011203 0.221877 0.305200 0.174752 0.330674 -0.061193 -0.122538 0.412406 0.044288 -0.526744 0.281147 -0.082635 -0.103343 -0.168057 -0.185413 0.072104 -0.303709 -0.294578 0.107858 0.125405 0.097465 0.147428 0.181934 -0.209865 0.136787 -0.075836 -0.655733 0.386800 -0.842386 -0.280017 -0.098492 -0.207828 -0.206267 0.108404 -0.145123 0.347604 -0.110214 -0.136343 0.450407 0.587139 -0.360648 0.030479 -0.204260 -0.398965
上 0.201909 -0.111979 -0.261796 0.214394 -0.082120 0.139634 -0.048320 0.043762 -0.255863 0.038034 0.356878 -0.116290 -0.221295 0.337137 -0.250239 -0.278649 0.161543 -0.146311 -0.533671 0.052450 0.056040 0.054494 -0.135879 -0.211447 -0.135789 0.122632 -0.120285 0.051583 0.072850 0.029680 0.353673 -0.035334 -0.567965 0.035504 -0.370884 -0.501282 0.027671 -0.175739 -0.045265 0.079668 -0.138258 0.264785 -0.077049 -0.190468 0.285833 0.544427 -0.120126 -0.097951 -0.325923 -0.137924
表示 0.303901 0.088188 -0.312586 0.320086 -0.190930 0.239220 0.142369 -0.115881 0.038086 0.206955 -0.141014 -0.215664 -0.357902 0.112769 -0.423933 -0.611672 -0.286538 0.093742 -0.179295 0.228839 -0.050416 0.221509 -0.234367 0.242233 0.112995 0.063182 0.122638 0.315353 0.158372 -0.139342 0.390293 -0.155225 -0.184150 0.074800 -0.264230 -0.318680 0.019111 -0.278691 0.106805 0.114324 -0.419585 0.217680 -0.312160 -0.520355 0.391576 0.294893 -0.078691 -0.042103 -0.458411 -0.908743
并 0.400459 -0.251222 -0.311491 0.408088 -0.294621 0.190795 -0.036453 -0.182103 -0.116257 0.099798 0.473126 -0.045427 -0.089087 0.152285 -0.250440 -0.357691 0.319488 0.135369 -0.062649 0.037513 -0.024805 0.134165 -0.228312 0.208489 0.081431 0.118194 -0.124624 0.222643 -0.300600 -0.091857 0.320882 -0.147200 -0.231162 0.200012 -0.405384 -0.195577 0.250666 -0.287932 -0.195956 0.087028 -0.177962 0.370062 -0.454283 -0.380575 0.202725 0.373543 -0.264222 -0.084230 -0.444697 -0.682837
中央社 0.805398 -0.109999 -1.366091 1.795741 -1.117762 -0.223150 -0.085603 -1.751693 -0.782929 -0.014333 -1.396924 0.798207 -0.059635 1.203846 1.215974 -2.313757 -0.688513 0.609387 -1.507058 0.486653 0.141457 0.051883 0.152914 -0.543623 0.007669 -0.041373 0.509850 -0.499179 -1.028723 -0.160592 0.486190 -0.126033 0.047723 0.025965 -0.805199 -0.184409 0.211161 0.058877 0.162907 0.389729 -0.908968 0.662776 -1.164289 -0.291726 -0.472819 2.885883 0.266434 0.712784 -0.762549 -0.141300
人 0.030091 -0.190469 -0.096198 -0.110044 -0.180453 0.254054 0.386404 -0.089235 -0.091694 -0.359545 0.359398 0.183316 -0.385618 0.322575 -0.369950 -0.788897 0.048609 -0.209518 0.073042 0.230674 0.084180 0.027778 -0.041060 0.007337 0.083291 0.218382 -0.025708 -0.077579 0.339731 0.164914 0.008306 0.206882 -0.095947 0.480580 -0.521300 -0.682872 0.283219 -0.276637 -0.305495 0.234248 -0.314682 0.354765 -0.195436 -0.159415 0.235070 0.721786 -0.088760 0.567445 -0.255323 -0.456067
